1414980582
54378
2506
3300-3302 South Kendall Street, Denver, CO 80227, USA
-105.0667709	39.6567647
4242 East Bromley Lane, Brighton, CO 80601, USA
-104.7670216	39.9706943
0
	127	24
	-105.0667709	39.6567647
	-105.0663713	39.6557269
	-105.06677 39.65676 -105.06677 39.65666 -105.06677 39.65647 -105.06677 39.65626 -105.06676 39.65619 -105.06675 39.65612 -105.06672 39.65606 -105.06667 39.65598 -105.06663 39.65592 -105.06658 39.65587 -105.06649 39.6558 -105.06637 39.65573
1
	246	28
	-105.0663713	39.6557269
	-105.063913	39.6546642
	-105.06637 39.65573 -105.06534 39.65535 -105.06515 39.65528 -105.06463 39.65509 -105.06429 39.65497 -105.06416 39.65492 -105.06409 39.65488 -105.06403 39.65484 -105.06399 39.6548 -105.06396 39.65476 -105.06393 39.65471 -105.06391 39.65466
2
	133	18
	-105.063913	39.6546642
	-105.0638954	39.653467
	-105.06391 39.65466 -105.0639 39.65461 -105.0639 39.65439 -105.0639 39.65392 -105.0639 39.65347
3
	1338	112
	-105.0638954	39.653467
	-105.079497	39.6532267
	-105.0639 39.65347 -105.06492 39.65346 -105.06501 39.65346 -105.06523 39.65346 -105.06568 39.65347 -105.06694 39.65347 -105.06712 39.65347 -105.06727 39.65347 -105.06768 39.65346 -105.06817 39.65347 -105.06834 39.65347 -105.06848 39.65347 -105.06857 39.65346 -105.0688 39.65345 -105.06891 39.65345 -105.0691 39.65343 -105.07007 39.65331 -105.0702 39.65329 -105.07034 39.65328 -105.0705 39.65328 -105.07069 39.65327 -105.07192 39.65328 -105.07197 39.65326 -105.07202 39.65325 -105.07209 39.65324 -105.07213 39.65324 -105.07218 39.65324 -105.07311 39.65324 -105.07367 39.65323 -105.07434 39.65323 -105.07491 39.65324 -105.07628 39.65323 -105.07634 39.65323 -105.07644 39.65323 -105.0767 39.65323 -105.0777 39.65323 -105.07919 39.65322 -105.0795 39.65323
4
	290	28
	-105.079497	39.6532267
	-105.080241	39.6555712
	-105.0795 39.65323 -105.07958 39.65324 -105.07962 39.65325 -105.07967 39.65327 -105.07975 39.6533 -105.07981 39.65333 -105.07986 39.65337 -105.07992 39.6534 -105.07999 39.65346 -105.08003 39.6535 -105.08007 39.65354 -105.08011 39.65359 -105.08013 39.65364 -105.08016 39.65369 -105.08018 39.65374 -105.08019 39.65382 -105.0802 39.65387 -105.0802 39.65392 -105.0802 39.65401 -105.0802 39.65408 -105.0802 39.65486 -105.0802 39.6549 -105.08023 39.65519 -105.08023 39.65528 -105.08024 39.65547 -105.08024 39.65557
5
	118	20
	-105.080241	39.6555712
	-105.0812968	39.6557962
	-105.08024 39.65557 -105.08024 39.65581 -105.08046 39.65581 -105.08062 39.65581 -105.08081 39.6558 -105.0813 39.6558
6
	7597	489
	-105.0812968	39.6557962
	-105.0814647	39.7240964
	-105.0813 39.6558 -105.08129 39.65619 -105.08129 39.65647 -105.0813 39.65661 -105.08134 39.65762 -105.08138 39.6583 -105.08139 39.65897 -105.08139 39.65921 -105.08139 39.65951 -105.08139 39.65953 -105.08139 39.6597 -105.08141 39.66025 -105.08141 39.66043 -105.08139 39.66143 -105.08138 39.66193 -105.08138 39.662 -105.08138 39.66209 -105.08138 39.66212 -105.08138 39.66234 -105.08138 39.66286 -105.08136 39.66328 -105.08136 39.66351 -105.08135 39.66369 -105.08134 39.66395 -105.08134 39.66415 -105.08133 39.66488 -105.08133 39.66494 -105.08132 39.66497 -105.08132 39.665 -105.08132 39.66503 -105.08132 39.66507 -105.08132 39.66511 -105.08134 39.66534 -105.08134 39.66538 -105.08134 39.66543 -105.08134 39.66549 -105.08135 39.66558 -105.08135 39.66607 -105.08136 39.66621 -105.08138 39.66656 -105.08139 39.66691 -105.0814 39.66715 -105.08139 39.66774 -105.08138 39.66858 -105.08135 39.66887 -105.08132 39.66935 -105.08129 39.6701 -105.08129 39.67069 -105.08128 39.67075 -105.08129 39.67091 -105.08128 39.67146 -105.08128 39.67176 -105.08129 39.67362 -105.08129 39.67384 -105.08132 39.67445 -105.08133 39.6749 -105.08133 39.67519 -105.0814 39.67594 -105.08141 39.67644 -105.0814 39.67681 -105.08141 39.67776 -105.08142 39.67838 -105.08142 39.67895 -105.08141 39.67945 -105.0814 39.67991 -105.0814 39.68027 -105.08139 39.68048 -105.08137 39.68086 -105.08137 39.68137 -105.08135 39.68209 -105.08134 39.68216 -105.08136 39.68227 -105.08137 39.68237 -105.08136 39.68267 -105.08137 39.68318 -105.08137 39.6836 -105.08137 39.68401 -105.08137 39.68435 -105.08137 39.68453 -105.08136 39.68486 -105.08139 39.68592 -105.08141 39.68646 -105.08141 39.68721 -105.0814 39.6879 -105.0814 39.68801 -105.0814 39.68852 -105.0814 39.68878 -105.0814 39.68897 -105.08141 39.68912 -105.08141 39.68945 -105.08141 39.68964 -105.08142 39.68986 -105.08143 39.69008 -105.08144 39.69049 -105.08145 39.69064 -105.08147 39.69096 -105.08148 39.6915 -105.08149 39.69157 -105.08149 39.69202 -105.08149 39.69214 -105.08149 39.69219 -105.08149 39.69249 -105.08149 39.69288 -105.0815 39.69371 -105.0815 39.69389 -105.08149 39.69428 -105.0815 39.69462 -105.0815 39.69478 -105.0815 39.6951 -105.0815 39.6953 -105.08153 39.6955 -105.08152 39.69578 -105.0815 39.69613 -105.08148 39.69627 -105.08146 39.69645 -105.08144 39.69655 -105.08144 39.69667 -105.08143 39.69694 -105.08142 39.69736 -105.08142 39.69756 -105.08142 39.69767 -105.08142 39.69826 -105.08142 39.69859 -105.08144 39.69924 -105.08144 39.70015 -105.08144 39.70026 -105.08143 39.70076 -105.08143 39.70096 -105.08144 39.70107 -105.08144 39.70117 -105.08143 39.70199 -105.08143 39.70321 -105.08143 39.70375 -105.08143 39.70386 -105.08142 39.70479 -105.08143 39.70552 -105.08144 39.70586 -105.08146 39.70646 -105.08144 39.70693 -105.08143 39.707 -105.08142 39.70712 -105.0814 39.70922 -105.08139 39.70958 -105.08138 39.70994 -105.08137 39.71014 -105.08137 39.71024 -105.08135 39.71074 -105.08136 39.71083 -105.08136 39.71096 -105.08136 39.7111 -105.08136 39.71121 -105.08135 39.71134 -105.08134 39.71263 -105.08137 39.71421 -105.08137 39.71441 -105.08137 39.71477 -105.08138 39.71498 -105.08139 39.71561 -105.0814 39.71608 -105.08142 39.71664 -105.08141 39.71708 -105.08142 39.71756 -105.08142 39.71759 -105.08143 39.71846 -105.08143 39.71857 -105.08143 39.71893 -105.08143 39.71909 -105.08142 39.71937 -105.08143 39.71993 -105.08142 39.72027 -105.08142 39.72107 -105.08142 39.72118 -105.08143 39.72164 -105.08143 39.72215 -105.08144 39.72275 -105.08147 39.7231 -105.08147 39.7233 -105.08146 39.72351 -105.08147 39.72391 -105.08146 39.7241
7
	5527	247
	-105.0814647	39.7240964
	-105.0180331	39.7252051
	-105.08146 39.7241 -105.08142 39.72414 -105.08141 39.72415 -105.0814 39.72417 -105.0814 39.72418 -105.0814 39.72421 -105.0814 39.72424 -105.0814 39.72427 -105.0814 39.72431 -105.0814 39.72434 -105.08139 39.72437 -105.08138 39.7244 -105.08137 39.72443 -105.08136 39.72445 -105.08134 39.72447 -105.08132 39.72449 -105.0813 39.72451 -105.08127 39.72452 -105.08125 39.72453 -105.08122 39.72454 -105.08118 39.72455 -105.08114 39.72455 -105.08071 39.72458 -105.08067 39.72458 -105.08063 39.72459 -105.0806 39.7246 -105.08057 39.72462 -105.08053 39.72463 -105.0805 39.72465 -105.08047 39.72467 -105.08045 39.72469 -105.08042 39.72471 -105.0804 39.72474 -105.08038 39.72477 -105.08036 39.7248 -105.08034 39.72483 -105.08033 39.72486 -105.08032 39.72489 -105.08031 39.72492 -105.08027 39.72518 -105.08026 39.72522 -105.08024 39.72526 -105.08023 39.72528 -105.08021 39.72531 -105.08019 39.72533 -105.08016 39.72535 -105.08014 39.72537 -105.0801 39.72539 -105.08007 39.7254 -105.08004 39.72541 -105.08 39.72542 -105.07995 39.72542 -105.07992 39.72543 -105.07989 39.72543 -105.07987 39.72544 -105.07985 39.72545 -105.07983 39.72546 -105.07978 39.7255 -105.07879 39.7255 -105.07704 39.72551 -105.07608 39.72552 -105.07552 39.72552 -105.07453 39.72552 -105.07036 39.72554 -105.06971 39.72554 -105.06504 39.72556 -105.06382 39.72557 -105.06101 39.72558 -105.06001 39.72558 -105.05885 39.72559 -105.05812 39.72561 -105.05757 39.72563 -105.05718 39.72563 -105.05697 39.72564 -105.05678 39.72564 -105.05633 39.72564 -105.05468 39.72561 -105.05369 39.72561 -105.05315 39.72561 -105.0528 39.72561 -105.04949 39.72564 -105.04795 39.72563 -105.04604 39.72561 -105.04385 39.7256 -105.04258 39.7256 -105.04133 39.72559 -105.04067 39.72559 -105.0398 39.72559 -105.03969 39.72559 -105.03949 39.72559 -105.03945 39.72559 -105.03781 39.72558 -105.03653 39.72557 -105.03552 39.72557 -105.03493 39.72557 -105.03464 39.72557 -105.03428 39.72556 -105.03382 39.72555 -105.03321 39.72553 -105.03267 39.72549 -105.03166 39.72544 -105.03125 39.72543 -105.03039 39.72543 -105.02952 39.72542 -105.02902 39.72541 -105.02645 39.72543 -105.02515 39.72543 -105.02511 39.72543 -105.02494 39.72543 -105.02381 39.72542 -105.0234 39.72542 -105.02259 39.7254 -105.02247 39.72539 -105.02224 39.72538 -105.02191 39.72537 -105.02134 39.72533 -105.02116 39.72532 -105.01945 39.72521 -105.01867 39.72519 -105.01865 39.72519 -105.01803 39.72521
8
	215	13
	-105.0180331	39.7252051
	-105.0156323	39.7248009
	-105.01803 39.72521 -105.01777 39.72513 -105.01717 39.72512 -105.01686 39.72512 -105.01667 39.7251 -105.01643 39.72509 -105.01629 39.72506 -105.01612 39.72502 -105.01595 39.72496 -105.01579 39.72489 -105.01571 39.72485 -105.01563 39.7248
9
	11230	449
	-105.0156323	39.7248009
	-104.9828231	39.8125962
	-105.01563 39.7248 -105.01524 39.72465 -105.01518 39.72463 -105.01494 39.72456 -105.01488 39.72454 -105.01477 39.72453 -105.01467 39.72452 -105.01464 39.72452 -105.01449 39.72452 -105.01428 39.72454 -105.01408 39.72458 -105.01393 39.72463 -105.01379 39.72469 -105.01358 39.72481 -105.01349 39.72489 -105.0134 39.72496 -105.01333 39.72504 -105.01323 39.72516 -105.01322 39.72517 -105.01321 39.72518 -105.01318 39.72523 -105.01316 39.72526 -105.01309 39.72537 -105.01304 39.72545 -105.013 39.72553 -105.01297 39.72558 -105.01294 39.72565 -105.01293 39.72569 -105.01291 39.72574 -105.01291 39.72575 -105.01289 39.72582 -105.01289 39.72593 -105.01289 39.72601 -105.0129 39.72623 -105.01294 39.72639 -105.01299 39.72657 -105.01306 39.72671 -105.01307 39.72672 -105.01309 39.72676 -105.01319 39.72695 -105.01356 39.72754 -105.01368 39.72773 -105.01372 39.72783 -105.01383 39.72802 -105.01394 39.72817 -105.01395 39.72821 -105.01404 39.72836 -105.01408 39.72843 -105.01426 39.72874 -105.01435 39.72889 -105.01439 39.72896 -105.01446 39.72905 -105.0145 39.72912 -105.01456 39.7292 -105.01461 39.72931 -105.01462 39.72932 -105.01471 39.72949 -105.0148 39.7297 -105.01487 39.7299 -105.01506 39.73037 -105.01508 39.73041 -105.01509 39.73044 -105.01512 39.73046 -105.01515 39.73048 -105.01518 39.73049 -105.0152 39.7305 -105.01526 39.73052 -105.01534 39.73078 -105.01539 39.73095 -105.01541 39.7311 -105.01544 39.73122 -105.01549 39.73141 -105.01553 39.73166 -105.01557 39.73195 -105.01558 39.73242 -105.01557 39.7327 -105.0155 39.73322 -105.01535 39.73381 -105.01517 39.73432 -105.01506 39.73455 -105.01499 39.73471 -105.01491 39.73487 -105.01484 39.73504 -105.01461 39.73547 -105.01451 39.73566 -105.01439 39.73594 -105.01423 39.73635 -105.01407 39.73691 -105.01395 39.73738 -105.01392 39.73758 -105.0139 39.73774 -105.01389 39.73791 -105.01388 39.73813 -105.01384 39.73865 -105.01383 39.73909 -105.01392 39.74028 -105.01392 39.74031 -105.01393 39.74032 -105.01394 39.74044 -105.01394 39.74045 -105.014 39.7407 -105.01403 39.74082 -105.01407 39.74096 -105.0141 39.74104 -105.01419 39.74126 -105.01427 39.74145 -105.01444 39.74174 -105.01448 39.74181 -105.0145 39.74185 -105.01455 39.74194 -105.01456 39.74194 -105.01456 39.74195 -105.01464 39.74205 -105.01477 39.74222 -105.01516 39.74264 -105.0158 39.74325 -105.01593 39.74337 -105.01595 39.74339 -105.01597 39.7434 -105.01624 39.74366 -105.01629 39.74371 -105.01645 39.74388 -105.01646 39.74388 -105.01667 39.7441 -105.01723 39.74465 -105.0175 39.74498 -105.01768 39.74523 -105.01784 39.74556 -105.01798 39.7459 -105.01802 39.74602 -105.01808 39.74624 -105.0181 39.74636 -105.01812 39.74651 -105.01814 39.74666 -105.01814 39.74683 -105.01814 39.74705 -105.01811 39.74738 -105.01808 39.74757 -105.01801 39.74783 -105.01794 39.74803 -105.01785 39.74825 -105.01765 39.74878 -105.0172 39.74984 -105.01661 39.75122 -105.01656 39.75133 -105.01645 39.75155 -105.01634 39.75175 -105.01616 39.75203 -105.01595 39.75232 -105.01579 39.75253 -105.0157 39.75263 -105.01542 39.75296 -105.01531 39.75307 -105.01516 39.75322 -105.01472 39.75363 -105.0141 39.75412 -105.01333 39.75469 -105.0128 39.75507 -105.01271 39.75513 -105.01251 39.75529 -105.0125 39.75529 -105.01235 39.75541 -105.01206 39.75562 -105.01198 39.75568 -105.0106 39.75667 -105.01012 39.75702 -105.01008 39.75706 -105.01007 39.75706 -105.00897 39.75786 -105.00887 39.75793 -105.00882 39.75796 -105.00881 39.75797 -105.00872 39.75803 -105.0073 39.75905 -105.00642 39.75964 -105.00602 39.7599 -105.00535 39.76034 -105.00495 39.7606 -105.00464 39.7608 -105.00449 39.76091 -105.00446 39.76093 -105.00438 39.76098 -105.00435 39.761 -105.0039 39.76129 -105.0036 39.76148 -105.00345 39.76159 -105.0033 39.76172 -105.00319 39.76183 -105.00305 39.76195 -105.00293 39.76209 -105.00284 39.76218 -105.00273 39.7623 -105.0027 39.76234 -105.0026 39.76245 -105.00248 39.76259 -105.00238 39.76272 -105.00226 39.76286 -105.00215 39.763 -105.00195 39.76327 -105.00183 39.76342 -105.00178 39.76347 -105.00172 39.76353 -105.00093 39.76462 -105.00077 39.76485 -105.00064 39.76502 -105.00052 39.76517 -105.0004 39.76531 -105.0003 39.76542 -105.00017 39.76554 -105.00008 39.76562 -105.00001 39.76569 -104.99995 39.76573 -104.99987 39.7658 -104.99978 39.76586 -104.99971 39.76591 -104.99964 39.76595 -104.99955 39.76602 -104.99945 39.76607 -104.9993 39.76616 -104.99922 39.76621 -104.99912 39.76627 -104.99902 39.76632 -104.99889 39.76638 -104.99866 39.76649 -104.99811 39.76674 -104.99783 39.76684 -104.99768 39.7669 -104.99727 39.76706 -104.99553 39.76773 -104.99523 39.76787 -104.99508 39.76793 -104.99494 39.76798 -104.9948 39.76804 -104.99478 39.76804 -104.99476 39.76805 -104.99444 39.76818 -104.99425 39.76826 -104.99419 39.76829 -104.99407 39.76835 -104.99402 39.76838 -104.9939 39.76844 -104.9937 39.76855 -104.99353 39.76863 -104.99333 39.76875 -104.9932 39.76883 -104.993 39.76895 -104.99287 39.76903 -104.99267 39.76916 -104.99254 39.76926 -104.99234 39.76941 -104.99223 39.76949 -104.99196 39.76971 -104.99185 39.7698 -104.99176 39.76988 -104.99147 39.77016 -104.99128 39.77035 -104.99098 39.77069 -104.99076 39.77096 -104.99064 39.77113 -104.99041 39.77145 -104.9903 39.77164 -104.99019 39.77182 -104.98979 39.77267 -104.9897 39.7729 -104.98962 39.77316 -104.98954 39.77338 -104.98952 39.77346 -104.98944 39.77374 -104.98941 39.77385 -104.98937 39.77405 -104.98932 39.77435 -104.98929 39.77455 -104.98926 39.77476 -104.98925 39.77486 -104.98925 39.77496 -104.98924 39.77505 -104.98924 39.77515 -104.98922 39.77626 -104.98922 39.7765 -104.98922 39.77651 -104.98921 39.77662 -104.98921 39.777 -104.98921 39.77786 -104.98921 39.77841 -104.98916 39.77897 -104.98916 39.77912 -104.98916 39.77929 -104.98916 39.78001 -104.98916 39.78005 -104.98916 39.78018 -104.98916 39.7802 -104.98916 39.78029 -104.98916 39.78055 -104.98916 39.78067 -104.98916 39.78074 -104.98916 39.78077 -104.98916 39.78086 -104.98916 39.78098 -104.98915 39.78129 -104.98915 39.78138 -104.98915 39.78139 -104.98914 39.78172 -104.98912 39.78388 -104.98912 39.78392 -104.98912 39.78404 -104.98912 39.78406 -104.98912 39.78407 -104.98912 39.78421 -104.98914 39.78515 -104.98913 39.7854 -104.98911 39.78593 -104.98912 39.78657 -104.98911 39.78686 -104.98909 39.78714 -104.98908 39.78742 -104.98906 39.78775 -104.98903 39.78809 -104.98896 39.78858 -104.9888 39.78936 -104.98835 39.7914 -104.98825 39.79182 -104.98821 39.792 -104.98812 39.79241 -104.98782 39.79363 -104.98772 39.79403 -104.98761 39.79442 -104.98744 39.79513 -104.98726 39.79585 -104.98708 39.7964 -104.9869 39.79685 -104.98663 39.79748 -104.98638 39.798 -104.98628 39.79821 -104.98615 39.79846 -104.98604 39.79869 -104.98575 39.79928 -104.98554 39.79969 -104.98528 39.8002 -104.98505 39.80065 -104.98442 39.80185 -104.98436 39.80195 -104.9843 39.80207 -104.98424 39.8022 -104.98407 39.80252 -104.98378 39.80306 -104.98371 39.8032 -104.98364 39.80335 -104.98353 39.8036 -104.98343 39.80383 -104.98333 39.80408 -104.98317 39.80455 -104.98302 39.8051 -104.98297 39.80531 -104.98293 39.80554 -104.98289 39.80581 -104.98285 39.8063 -104.98282 39.80685 -104.98282 39.8069 -104.98282 39.80734 -104.98284 39.80813 -104.98285 39.80888 -104.98285 39.80925 -104.98285 39.80962 -104.98282 39.8126
10
	275	11
	-104.9828231	39.8125962
	-104.9824767	39.8150182
	-104.98282 39.8126 -104.98273 39.81266 -104.98269 39.81271 -104.98267 39.81275 -104.98266 39.81278 -104.98259 39.81361 -104.98248 39.81502
11
	24273	792
	-104.9824767	39.8150182
	-104.7745124	39.9534419
	-104.98248 39.81502 -104.98244 39.8151 -104.98243 39.81519 -104.9824 39.81539 -104.98238 39.81561 -104.98234 39.81582 -104.9823 39.81596 -104.98225 39.81609 -104.98219 39.81625 -104.9821 39.81642 -104.98201 39.81658 -104.98192 39.81672 -104.98183 39.81684 -104.98174 39.81695 -104.98167 39.81703 -104.98157 39.81713 -104.98136 39.81735 -104.98118 39.81753 -104.98036 39.81834 -104.98011 39.81861 -104.97966 39.8191 -104.97956 39.81921 -104.9794 39.81937 -104.97929 39.81948 -104.97916 39.81958 -104.97896 39.81974 -104.97882 39.81983 -104.97863 39.81996 -104.97847 39.82006 -104.97815 39.82022 -104.97806 39.82027 -104.97799 39.82031 -104.97784 39.82043 -104.97754 39.82058 -104.97723 39.82072 -104.97709 39.82078 -104.97671 39.82094 -104.97655 39.82101 -104.97616 39.82116 -104.97551 39.82141 -104.97518 39.82152 -104.97481 39.82164 -104.9742 39.82183 -104.97324 39.82209 -104.97308 39.82214 -104.97293 39.82218 -104.9727 39.82223 -104.97231 39.82231 -104.97174 39.82242 -104.97113 39.82253 -104.9707 39.82259 -104.97017 39.82267 -104.96963 39.82275 -104.96903 39.82284 -104.96827 39.82295 -104.96605 39.82327 -104.96559 39.82333 -104.96526 39.82338 -104.96491 39.82343 -104.96437 39.8235 -104.96427 39.82351 -104.96426 39.82351 -104.96425 39.82351 -104.96384 39.82358 -104.96382 39.82358 -104.9638 39.82358 -104.96313 39.82368 -104.96197 39.82386 -104.96195 39.82386 -104.96116 39.82397 -104.96019 39.82412 -104.95994 39.82416 -104.95927 39.82426 -104.95926 39.82426 -104.95913 39.82428 -104.95911 39.82428 -104.95854 39.82437 -104.95842 39.82439 -104.95825 39.82441 -104.95776 39.82447 -104.95626 39.8247 -104.95578 39.82476 -104.95558 39.82479 -104.95324 39.82513 -104.95267 39.82521 -104.95245 39.82523 -104.95194 39.82531 -104.9516 39.82537 -104.95122 39.82544 -104.9505 39.82558 -104.9504 39.8256 -104.95015 39.82567 -104.94966 39.8258 -104.94931 39.82591 -104.94919 39.82594 -104.94902 39.826 -104.94884 39.82606 -104.94878 39.82609 -104.94837 39.82624 -104.94834 39.82625 -104.94833 39.82625 -104.94821 39.8263 -104.94802 39.82637 -104.9477 39.8265 -104.94734 39.82666 -104.94703 39.82681 -104.94681 39.82692 -104.94645 39.82711 -104.94626 39.82721 -104.94572 39.82754 -104.94552 39.82767 -104.94536 39.82777 -104.94513 39.82793 -104.94499 39.82803 -104.94479 39.82819 -104.94371 39.82903 -104.9434 39.82928 -104.94267 39.82987 -104.94195 39.83046 -104.94163 39.83073 -104.94145 39.83086 -104.94144 39.83087 -104.94119 39.83109 -104.94104 39.83121 -104.941 39.83125 -104.94097 39.83128 -104.94019 39.83191 -104.93941 39.83253 -104.93603 39.83533 -104.93582 39.8355 -104.935 39.8362 -104.93429 39.83679 -104.9327 39.8381 -104.93178 39.83884 -104.93158 39.839 -104.93153 39.83905 -104.93149 39.83908 -104.93122 39.8393 -104.93085 39.83958 -104.93006 39.84024 -104.92946 39.84081 -104.92933 39.84094 -104.92876 39.84152 -104.92826 39.84204 -104.92651 39.84381 -104.92487 39.84547 -104.9241 39.84623 -104.92405 39.84628 -104.92394 39.84639 -104.92349 39.84684 -104.92336 39.84698 -104.9229 39.84744 -104.92265 39.84768 -104.92258 39.84775 -104.92222 39.84812 -104.92186 39.84848 -104.92102 39.84931 -104.92084 39.84949 -104.92015 39.85018 -104.91903 39.85131 -104.91815 39.8522 -104.91704 39.85332 -104.91638 39.85396 -104.9143 39.85606 -104.91376 39.85664 -104.91283 39.85758 -104.91269 39.85773 -104.91207 39.85844 -104.91178 39.85879 -104.9113 39.85935 -104.91091 39.85982 -104.9106 39.86018 -104.91047 39.86031 -104.91 39.86089 -104.90999 39.86091 -104.90952 39.86145 -104.90898 39.86209 -104.90853 39.86264 -104.9082 39.86301 -104.90767 39.86364 -104.90736 39.86401 -104.90683 39.86465 -104.90643 39.8651 -104.90606 39.86552 -104.90556 39.86608 -104.90525 39.86643 -104.90484 39.86689 -104.90454 39.86724 -104.90431 39.8675 -104.90415 39.86769 -104.90375 39.86813 -104.90328 39.86867 -104.90163 39.87053 -104.90148 39.87069 -104.90138 39.87079 -104.90136 39.87082 -104.90114 39.87106 -104.89993 39.87241 -104.89935 39.87303 -104.89893 39.87346 -104.89849 39.87391 -104.89839 39.87399 -104.89788 39.87449 -104.89765 39.87472 -104.8976 39.87476 -104.89749 39.87488 -104.89732 39.87504 -104.89711 39.87524 -104.89664 39.87566 -104.89636 39.8759 -104.89572 39.8764 -104.89554 39.87654 -104.89531 39.87669 -104.89504 39.87688 -104.89434 39.87734 -104.89403 39.87753 -104.89372 39.8777 -104.89356 39.8778 -104.89314 39.87803 -104.89224 39.87849 -104.89188 39.87865 -104.89129 39.87891 -104.89094 39.87905 -104.89028 39.8793 -104.88976 39.87949 -104.88888 39.87973 -104.88837 39.87988 -104.88796 39.87999 -104.88741 39.88012 -104.88706 39.8802 -104.88638 39.88034 -104.88582 39.88044 -104.88528 39.88052 -104.88479 39.88059 -104.88416 39.88066 -104.88372 39.8807 -104.88325 39.88073 -104.88253 39.88079 -104.88185 39.88082 -104.88166 39.88084 -104.88138 39.88085 -104.88064 39.8809 -104.88026 39.88094 -104.87986 39.88099 -104.87917 39.88109 -104.87845 39.8812 -104.87813 39.88125 -104.87805 39.88127 -104.87759 39.88136 -104.87715 39.88146 -104.87647 39.88162 -104.87583 39.8818 -104.87512 39.88201 -104.87503 39.88204 -104.87483 39.88211 -104.87466 39.88217 -104.87417 39.88235 -104.87365 39.88255 -104.87327 39.8827 -104.87289 39.88287 -104.87253 39.88303 -104.87179 39.88338 -104.8711 39.88374 -104.87027 39.88419 -104.86968 39.88451 -104.86887 39.88495 -104.86834 39.88524 -104.86736 39.88577 -104.86642 39.88628 -104.8655 39.88678 -104.86423 39.88747 -104.86318 39.88804 -104.86248 39.88842 -104.86214 39.8886 -104.86133 39.88904 -104.86085 39.88929 -104.85958 39.88999 -104.8589 39.89035 -104.85807 39.8908 -104.85714 39.8913 -104.85633 39.89175 -104.85528 39.89231 -104.85434 39.89282 -104.85355 39.89326 -104.85284 39.89364 -104.85121 39.89452 -104.84938 39.89551 -104.84832 39.89608 -104.84704 39.89678 -104.84666 39.89698 -104.84648 39.89709 -104.84532 39.89771 -104.84438 39.89822 -104.84264 39.89916 -104.84172 39.89966 -104.84091 39.9001 -104.83988 39.90066 -104.8393 39.90097 -104.83788 39.90174 -104.8365 39.90249 -104.83451 39.90356 -104.83336 39.90419 -104.83156 39.90516 -104.83027 39.90585 -104.83008 39.90595 -104.82987 39.90607 -104.82963 39.9062 -104.82947 39.90628 -104.82876 39.90667 -104.82784 39.90717 -104.82725 39.90748 -104.82685 39.9077 -104.82632 39.90799 -104.82606 39.90813 -104.82566 39.90834 -104.82528 39.90855 -104.82493 39.90875 -104.82478 39.90882 -104.82463 39.90891 -104.82447 39.90899 -104.824 39.90925 -104.8231 39.90975 -104.82246 39.91014 -104.82204 39.9104 -104.82166 39.91064 -104.82132 39.91086 -104.82068 39.9113 -104.81974 39.91196 -104.81968 39.912 -104.81957 39.91207 -104.81927 39.91228 -104.81919 39.91234 -104.81874 39.91264 -104.81847 39.91283 -104.81845 39.91284 -104.81796 39.91319 -104.81788 39.91325 -104.81729 39.91365 -104.81636 39.9143 -104.81632 39.91433 -104.81484 39.91535 -104.81446 39.91563 -104.81389 39.91605 -104.81381 39.91612 -104.8129 39.91681 -104.81204 39.91754 -104.81155 39.91796 -104.8104 39.91894 -104.80991 39.91937 -104.80875 39.92036 -104.80708 39.9218 -104.80657 39.92223 -104.80639 39.92238 -104.80575 39.92294 -104.80559 39.92308 -104.80456 39.92394 -104.80421 39.92426 -104.80111 39.92692 -104.79927 39.9285 -104.79874 39.92896 -104.79824 39.92939 -104.79746 39.93006 -104.79647 39.93089 -104.79574 39.9315 -104.7946 39.93245 -104.79373 39.93318 -104.7936 39.93328 -104.79305 39.93374 -104.7925 39.93421 -104.79164 39.93493 -104.79107 39.93541 -104.79033 39.93607 -104.78971 39.93666 -104.78936 39.93703 -104.78922 39.93717 -104.78901 39.93739 -104.78887 39.93754 -104.78862 39.93782 -104.78838 39.93809 -104.78814 39.93837 -104.78784 39.93874 -104.78764 39.939 -104.78734 39.93938 -104.78708 39.93973 -104.78683 39.94007 -104.78628 39.94082 -104.78557 39.94177 -104.78501 39.94253 -104.78467 39.94299 -104.78425 39.94356 -104.78385 39.9441 -104.7834 39.9447 -104.78312 39.94507 -104.7829 39.94534 -104.78268 39.9456 -104.78228 39.94604 -104.78209 39.94625 -104.78187 39.94647 -104.7813 39.94702 -104.78051 39.94778 -104.77524 39.95276 -104.77478 39.95319 -104.77451 39.95344
12
	446	25
	-104.7745124	39.9534419
	-104.7708121	39.9562741
	-104.77451 39.95344 -104.77439 39.95349 -104.77435 39.95352 -104.77428 39.95357 -104.77405 39.95377 -104.77367 39.95407 -104.77312 39.95449 -104.77226 39.95514 -104.77157 39.95568 -104.77151 39.95572 -104.771 39.95612 -104.77089 39.9562 -104.77081 39.95627
13
	519	37
	-104.7708121	39.9562741
	-104.7755868	39.9587936
	-104.77081 39.95627 -104.77069 39.95638 -104.77086 39.95649 -104.77103 39.9566 -104.77145 39.95686 -104.77224 39.95735 -104.77256 39.95755 -104.77311 39.95789 -104.77324 39.95798 -104.77343 39.95809 -104.77366 39.95823 -104.7739 39.95835 -104.77409 39.95844 -104.77463 39.95862 -104.77472 39.95864 -104.77481 39.95866 -104.77507 39.95872 -104.77559 39.95879
14
	1511	111
	-104.7755868	39.9587936
	-104.7708966	39.9704903
	-104.77559 39.95879 -104.77575 39.95887 -104.77586 39.95889 -104.77592 39.95891 -104.77596 39.95893 -104.77601 39.95897 -104.77605 39.95902 -104.77608 39.95908 -104.77615 39.95921 -104.77614 39.95953 -104.77611 39.95974 -104.77597 39.96021 -104.77596 39.96024 -104.77588 39.96044 -104.77574 39.96065 -104.77564 39.96079 -104.77548 39.96098 -104.77527 39.96119 -104.77492 39.96145 -104.7745 39.96173 -104.77437 39.96179 -104.77397 39.96193 -104.77358 39.96211 -104.77289 39.96244 -104.77254 39.96262 -104.77241 39.96271 -104.77229 39.96278 -104.77214 39.96291 -104.77213 39.96292 -104.77206 39.96296 -104.77202 39.963 -104.77175 39.96322 -104.77153 39.96346 -104.77129 39.9638 -104.77119 39.964 -104.77114 39.96408 -104.77109 39.96423 -104.77103 39.96451 -104.77103 39.96452 -104.771 39.9646 -104.77097 39.96483 -104.77094 39.96567 -104.77093 39.96596 -104.77093 39.96689 -104.77093 39.9681 -104.77091 39.96851 -104.7709 39.96905 -104.77092 39.96943 -104.77091 39.96959 -104.7709 39.97049
15
	320	51
	-104.7708966	39.9704903
	-104.7683042	39.9715772
	-104.7709 39.97049 -104.7699 39.9705 -104.7699 39.97063 -104.7699 39.9711 -104.7699 39.97116 -104.76989 39.97121 -104.76987 39.97127 -104.76985 39.97132 -104.76982 39.97137 -104.76979 39.97139 -104.76979 39.9714 -104.76975 39.97143 -104.76971 39.97147 -104.76967 39.97149 -104.76962 39.97151 -104.76958 39.97153 -104.76953 39.97155 -104.76945 39.97157 -104.76941 39.97157 -104.7694 39.97157 -104.76935 39.97158 -104.76898 39.97158 -104.76868 39.97158 -104.76847 39.97158 -104.7683 39.97158
16
	129	20
	-104.7683042	39.9715772
	-104.7679409	39.9705204
	-104.7683 39.97158 -104.7683 39.97145 -104.76831 39.971 -104.76831 39.97093 -104.7683 39.97089 -104.76829 39.97085 -104.76828 39.97082 -104.76825 39.97079 -104.7682 39.97072 -104.76815 39.97067 -104.76809 39.97062 -104.768 39.97056 -104.76794 39.97052
17
	47	17
	-104.7679409	39.9705204
	-104.7674545	39.9707001
	-104.76794 39.97052 -104.76773 39.9706 -104.76765 39.97063 -104.76761 39.97065 -104.76755 39.97065 -104.7675 39.97067 -104.76746 39.97069 -104.76745 39.9707
18
	37	14
	-104.7674545	39.9707001
	-104.7670216	39.9706943
	-104.76745 39.9707 -104.76702 39.97069
